	Plot1	Plot2	Plot3	Plot4	Plot5	Plot6	Plot7	Plot8	Plot9	Plot10
SRR1706104.4806	0	0	0	0	0	0	1054	200	0	0
SRR1706069.2267	0	16	0	69	209	0	0	0	0	0
SRR1706129.4549	0	0	0	0	0	0	0	0	0	133
SRR1706059.2206	0	6	121	0	0	0	0	0	0	0
SRR1706034.3854	216	0	0	0	0	0	0	0	0	0
SRR1706039.8059	75	0	0	0	0	0	0	1	0	0
SRR1706044.2712	0	70	0	0	0	0	0	0	0	0
SRR1706094.1348	0	0	0	0	0	0	63	0	0	0
SRR1706094.2073	0	0	0	0	4	0	35	21	0	6
SRR1706104.5683	0	0	0	0	0	0	0	43	0	0
SRR1706064.3008	0	0	0	32	4	0	0	0	0	0
SRR1706089.1112	0	4	7	0	0	13	0	0	0	0
SRR1706119.3892	0	0	0	0	0	0	0	3	15	0
SRR1706114.317	0	0	0	0	0	0	0	0	18	0
SRR1706084.4070	0	5	0	7	10	17	0	2	0	0
SRR1706064.986	0	0	0	22	0	0	0	0	0	0
SRR1706074.929	0	0	0	0	12	0	0	3	0	0
SRR1706119.1500	0	0	0	0	0	0	0	0	12	0
SRR1706104.314	0	0	0	0	0	0	0	29	0	0
SRR1706034.5221	10	0	0	0	0	0	0	0	0	0
SRR1706079.4223	0	0	1	0	26	0	0	0	0	0
SRR1706034.5394	16	0	0	0	0	0	0	0	0	0
SRR1706114.2499	0	0	0	0	0	0	0	0	8	6
SRR1706119.5628	0	0	0	0	0	0	0	0	10	0
SRR1706119.1695	0	0	0	0	0	0	0	0	7	0
SRR1706039.2292	9	0	0	0	0	0	0	0	0	0
SRR1706104.5321	0	0	0	0	0	0	0	16	0	0
SRR1706034.1568	13	0	0	0	0	0	0	0	0	0
SRR1706099.2788	0	0	0	0	0	0	9	0	0	0
SRR1706129.1342	0	0	0	0	0	0	0	0	0	9
SRR1706114.416	0	0	0	0	0	0	0	0	8	0
SRR1706044.1490	0	11	0	0	0	0	0	0	0	0
SRR1706064.3957	0	0	0	8	0	0	0	0	0	0
SRR1706074.2599	0	0	1	0	24	0	0	0	0	0
SRR1706044.929	0	9	0	0	0	0	0	0	0	0
SRR1706064.2502	0	0	0	10	0	0	0	0	0	0
SRR1706104.4790	0	3	0	0	2	0	0	8	0	1
SRR1706034.2087	10	0	0	0	0	0	0	0	0	0
SRR1706034.4804	5	0	0	0	0	0	0	0	0	0
SRR1706064.3089	0	0	0	4	0	0	0	0	0	0
SRR1706034.851	23	0	0	0	0	0	0	0	0	0
SRR1706039.7161	6	0	0	0	0	0	0	0	0	0
SRR1706129.3161	0	0	0	0	0	0	0	0	0	6
SRR1706124.3100	0	0	0	0	0	1	0	0	0	3
SRR1706039.6749	3	0	0	0	0	0	0	0	0	0
SRR1706129.1356	0	0	0	0	0	0	0	0	0	4
SRR1706044.3221	0	4	0	0	0	0	0	0	0	0
SRR1706104.5523	0	0	0	0	0	0	0	3	0	0
SRR1706079.6121	0	0	1	0	1	0	3	0	0	0
SRR1706034.1527	9	0	0	0	0	0	0	0	0	0
SRR1706099.2685	0	0	0	0	0	0	3	0	0	0
SRR1706079.2335	0	0	0	0	4	0	0	0	0	0
SRR1706089.3725	0	0	0	0	0	6	0	0	0	0
SRR1706074.1639	0	0	0	0	3	0	0	0	0	0
SRR1706074.727	0	0	0	0	4	0	0	0	0	0
SRR1706069.2278	0	0	0	4	0	0	0	0	0	0
SRR1706049.7947	0	5	0	0	0	0	5	0	0	0
SRR1706044.3727	0	7	0	0	0	0	0	0	0	0
SRR1706069.368	0	0	0	3	0	0	0	0	0	0
SRR1706114.2656	0	0	0	0	0	0	0	0	2	0
SRR1706114.1776	0	0	0	0	0	0	0	0	2	0
SRR1706114.2700	0	0	0	0	0	0	0	0	2	0
SRR1706064.1724	0	0	0	2	0	0	0	0	0	0
SRR1706089.693	0	0	0	0	1	7	0	0	0	0
SRR1706074.4845	0	0	0	0	3	0	0	0	0	0
SRR1706064.4185	0	0	0	3	0	0	0	0	0	0
SRR1706049.5896	0	4	0	0	0	0	0	0	0	0
SRR1706054.867	0	0	6	0	0	0	0	0	0	0
SRR1706084.4539	0	0	0	0	0	3	0	0	0	0
SRR1706069.2229	0	0	0	5	0	0	0	0	0	0
SRR1706044.1987	0	2	0	0	0	0	0	0	0	0
SRR1706039.6120	4	0	0	0	0	0	0	0	0	0
SRR1706074.1994	0	0	0	0	1	0	0	0	0	0
SRR1706059.5060	0	0	2	0	0	0	0	0	0	0
SRR1706124.960	0	0	0	0	0	0	0	0	0	1
SRR1706124.3553	0	0	0	0	0	0	0	0	0	1
SRR1706049.4135	0	1	0	0	0	0	0	0	0	0
SRR1706039.5534	8	0	0	0	0	0	0	0	0	0
SRR1706034.4320	2	0	0	0	0	0	0	0	0	0
SRR1706044.3849	0	3	0	0	0	0	0	0	0	0
SRR1706064.825	0	0	0	1	0	0	0	0	0	2
SRR1706039.7407	5	0	0	0	0	0	0	0	0	0
SRR1706054.955	0	0	1	0	0	0	0	0	0	0
SRR1706039.2067	1	0	0	0	0	0	0	0	0	0
SRR1706074.1602	0	0	0	0	1	0	0	0	0	0
SRR1706074.905	0	0	0	0	1	0	0	0	0	0
SRR1706064.4921	0	0	0	1	0	0	0	0	0	0
SRR1706124.3737	0	0	0	0	0	0	0	0	0	1
SRR1706054.665	0	0	2	0	0	0	0	2	0	0
SRR1706064.1224	0	0	0	1	0	0	0	0	0	0
SRR1706054.2571	0	0	1	0	0	0	0	0	0	0
SRR1706074.5642	0	0	0	0	3	0	0	0	0	0
SRR1706064.5241	0	0	0	2	0	0	0	0	0	0
SRR1706049.5908	0	2	0	0	0	0	0	0	0	0
SRR1706114.3113	0	0	0	0	0	0	0	0	1	0
SRR1706124.2398	0	0	0	0	0	0	0	0	0	1
SRR1706124.3351	0	0	0	0	0	0	0	0	0	1
SRR1706129.5395	0	0	0	0	0	0	0	0	0	4
SRR1706039.2297	1	0	0	0	0	0	0	0	0	0
SRR1706079.4779	0	0	0	0	5	0	0	0	0	0
SRR1706069.1717	0	0	0	1	0	0	0	0	0	0
SRR1706084.3615	0	0	0	0	0	1	0	0	0	0
SRR1706059.6570	0	0	3	0	0	0	0	0	0	0
SRR1706039.1114	1	0	0	0	0	0	0	0	0	0
SRR1706049.7985	0	1	0	0	0	0	0	0	0	0
SRR1706084.3692	0	0	0	0	0	1	0	0	0	0
SRR1706074.729	0	0	0	0	6	0	0	0	0	0
SRR1706104.2315	0	0	0	0	0	0	0	13	0	0
SRR1706099.3337	0	0	0	0	0	0	1	0	0	0
SRR1706059.3441	0	0	1	0	0	0	0	0	0	0
SRR1706119.5427	0	0	0	0	0	0	1	0	3	0
SRR1706064.1985	0	0	0	1	0	0	0	0	0	0
SRR1706054.1094	0	0	2	0	0	1	0	0	0	0
SRR1706059.5293	0	0	5	0	0	0	0	0	0	0
SRR1706049.3121	4	2	0	0	0	0	0	0	0	0
SRR1706049.3062	0	1	0	0	0	0	0	0	0	0
SRR1706064.907	0	0	0	1	0	0	0	0	0	0
SRR1706079.654	0	0	0	0	4	0	0	0	0	0
SRR1706104.5518	0	0	0	0	0	0	0	2	0	0
SRR1706069.2934	0	0	0	4	0	0	0	0	0	0
SRR1706049.3272	0	2	0	0	0	0	0	0	0	0
SRR1706069.3209	0	0	0	3	0	0	0	0	0	0
SRR1706114.1769	0	0	0	0	0	0	0	0	4	0
SRR1706079.3377	0	0	0	0	1	0	0	0	0	0
SRR1706079.7461	0	0	0	0	1	0	0	0	0	0
SRR1706044.943	0	2	0	0	0	0	0	0	0	0
SRR1706064.3191	0	0	0	1	0	0	0	0	0	0
SRR1706124.2864	0	0	0	0	0	0	0	0	0	2
SRR1706124.4155	0	0	0	0	0	0	0	0	0	1
SRR1706094.2025	0	0	0	0	0	0	1	0	0	0
SRR1706129.1437	0	0	0	0	0	0	0	0	0	1
SRR1706109.3049	0	0	0	0	0	0	0	2	0	0
SRR1706079.5412	0	0	0	0	1	0	0	0	0	0
SRR1706039.882	1	0	0	0	0	0	0	0	0	0
SRR1706039.1153	1	0	0	0	0	0	0	0	0	0
SRR1706054.578	0	0	2	0	0	0	0	0	0	0
SRR1706039.6970	1	0	0	0	0	0	0	0	0	0
SRR1706034.218	2	0	0	0	0	0	0	0	0	0
SRR1706084.2591	0	0	0	0	0	1	0	0	0	0
SRR1706054.2681	0	0	2	0	0	0	0	0	0	0
SRR1706039.1795	1	0	0	0	0	0	0	0	0	0
SRR1706039.5502	2	0	0	0	0	0	0	0	0	0
SRR1706114.1323	0	0	0	0	0	0	0	0	3	0
SRR1706049.3372	0	2	0	0	0	0	0	0	0	0
SRR1706099.3668	0	0	0	0	0	0	1	0	0	0
SRR1706099.2292	0	0	0	0	0	0	3	0	0	0
SRR1706069.687	0	0	0	2	0	0	0	0	0	0
SRR1706094.1071	0	0	0	0	0	0	2	0	0	0
SRR1706054.696	0	0	3	0	0	0	0	0	0	0
SRR1706039.5582	2	0	0	0	0	0	0	0	0	0
SRR1706089.1765	0	0	0	0	0	1	0	0	0	0
SRR1706074.4584	0	0	0	0	3	0	0	0	0	0
SRR1706104.959	0	0	0	0	0	0	0	2	0	0
SRR1706069.668	0	0	0	2	0	0	0	0	0	0
SRR1706049.2098	0	1	0	0	0	0	0	0	0	0
SRR1706049.3415	0	1	0	0	0	5	0	0	0	0
SRR1706039.2856	1	0	0	0	0	0	0	0	0	0
SRR1706049.7613	0	1	0	0	0	0	0	0	0	0
SRR1706034.4038	1	0	0	0	0	0	0	0	0	0
SRR1706049.4118	0	1	0	0	0	0	0	0	0	0
SRR1706039.753	1	0	0	0	0	0	0	0	0	0
SRR1706079.7070	0	0	0	0	1	0	0	0	0	0
SRR1706064.2589	0	0	0	1	0	0	0	0	0	0
SRR1706109.1019	0	0	0	0	0	0	0	2	0	0
SRR1706079.3633	0	0	0	0	1	0	0	0	0	0
SRR1706064.1608	0	0	0	1	0	0	0	0	0	0
SRR1706034.4025	1	0	0	0	0	0	0	0	0	0
SRR1706074.5068	0	0	0	0	1	0	0	0	0	0
SRR1706104.5110	0	0	0	0	0	0	0	1	0	0
SRR1706039.1008	1	0	0	0	0	0	0	0	0	0
SRR1706039.2305	2	0	0	0	0	0	0	0	0	0
SRR1706099.1605	0	0	0	0	0	0	1	0	0	0
SRR1706039.3442	1	0	0	0	0	0	0	0	0	0
SRR1706054.630	0	0	1	0	0	0	0	0	0	0
SRR1706034.2839	2	0	0	0	0	0	0	0	0	0
SRR1706109.853	0	0	0	0	0	0	0	1	0	0
SRR1706124.4414	0	0	0	0	0	0	0	0	0	1
SRR1706084.10282	0	0	0	0	0	1	0	0	0	0
SRR1706079.3465	0	0	0	0	2	0	0	0	0	0
SRR1706074.1330	0	0	0	0	1	0	0	0	0	0
SRR1706054.2795	0	0	1	0	0	0	0	0	0	0
SRR1706079.5686	0	0	0	0	1	0	0	0	0	0
SRR1706049.3367	0	1	0	0	0	0	0	0	0	0
SRR1706044.3838	0	1	0	0	0	0	0	0	0	0
SRR1706079.5819	0	0	0	0	1	0	0	0	0	0
SRR1706064.2303	0	0	0	1	0	0	0	0	0	0
SRR1706104.6160	0	0	0	0	0	0	0	1	0	0
SRR1706034.4467	1	0	0	0	0	0	0	0	0	0
SRR1706069.603	0	0	0	1	0	0	0	0	0	0
SRR1706054.2630	0	0	1	0	0	0	0	0	0	0
SRR1706074.2119	0	0	0	0	2	0	0	0	0	0
SRR1706089.448	0	0	0	0	0	2	0	0	0	0
SRR1706104.4106	0	0	0	0	0	0	0	2	0	0
SRR1706099.1516	0	0	0	0	0	0	1	0	0	0
SRR1706104.5666	0	0	0	0	0	0	0	1	0	0
SRR1706049.6754	0	1	0	0	0	0	0	0	0	0
SRR1706034.3675	1	0	0	0	0	0	0	0	0	0
SRR1706104.6189	0	0	0	0	0	0	0	1	0	0
SRR1706079.2123	0	0	0	0	1	0	0	0	0	0
SRR1706124.3965	0	0	0	0	0	0	0	0	0	1
SRR1706089.1660	0	0	0	0	0	1	0	0	0	0
SRR1706104.4552	0	0	0	0	0	0	0	1	0	0
SRR1706104.5974	0	0	0	0	0	0	0	1	0	0
SRR1706079.1110	0	0	0	0	1	0	0	0	0	0
SRR1706114.3755	0	0	0	0	0	0	0	0	1	0
SRR1706129.4089	0	0	0	0	0	0	0	0	0	3
SRR1706099.3548	0	0	0	0	0	0	1	0	0	0
SRR1706099.976	0	0	0	0	0	0	54	0	0	0
SRR1706109.3729	0	0	2	0	0	0	0	12	15	0
SRR1706049.3343	2	2	4	11	21	1	0	0	8	2
SRR1706064.3043	0	17	0	26	0	0	0	0	0	0
SRR1706064.4922	4	0	0	24	0	0	0	0	0	0
SRR1706079.3563	0	0	0	0	9	17	0	7	0	0
SRR1706089.970	0	1	4	0	4	14	0	0	0	1
SRR1706084.9056	0	0	0	0	1	18	0	0	0	0
SRR1706089.2357	0	0	0	0	0	9	0	0	0	0
SRR1706059.1755	0	0	7	0	0	0	0	0	0	3
SRR1706049.6697	0	7	0	0	0	0	0	0	0	0
SRR1706109.3670	0	0	0	0	0	0	0	7	0	0
SRR1706129.927	0	0	0	0	0	0	0	0	0	7
SRR1706064.1578	0	0	0	6	0	0	0	0	0	0
SRR1706119.4523	0	0	0	0	0	0	0	0	22	0
SRR1706104.3386	0	0	0	0	0	0	0	5	0	0
SRR1706079.1330	0	0	0	0	5	0	0	5	0	0
SRR1706064.329	0	0	0	10	0	0	0	0	0	0
SRR1706064.3798	0	0	0	11	0	0	0	0	0	0
SRR1706054.2539	0	0	11	0	0	0	0	1	0	0
SRR1706079.1007	0	0	0	0	5	0	0	0	0	0
SRR1706129.3958	0	0	0	0	0	0	0	0	0	5
SRR1706064.3565	0	0	0	5	0	0	0	0	0	0
SRR1706069.3624	0	0	0	5	0	0	0	0	0	0
SRR1706119.1221	0	0	0	1	0	0	0	0	3	0
SRR1706124.4051	0	0	0	0	0	0	0	0	0	2
SRR1706039.2300	3	0	0	3	0	0	0	0	0	0
SRR1706069.1172	0	0	0	2	0	0	0	0	0	0
SRR1706049.1824	0	2	0	4	4	5	0	0	0	0
SRR1706129.753	0	0	0	0	0	0	0	0	0	2
SRR1706074.5838	0	0	2	0	4	0	0	0	0	0
SRR1706049.2975	0	4	0	0	0	0	0	0	0	0
SRR1706034.1990	5	0	0	0	0	4	0	0	0	0
SRR1706099.747	4	0	0	0	0	0	3	1	0	0
SRR1706049.6760	0	2	0	0	0	0	0	0	0	0
SRR1706059.2386	0	0	4	0	0	0	0	0	0	0
SRR1706124.1226	0	0	0	0	0	0	0	0	0	1
SRR1706049.2123	0	1	0	0	0	0	0	0	0	0
SRR1706044.220	0	2	0	0	0	0	0	0	0	0
SRR1706124.1074	0	0	0	0	0	0	0	0	0	1
SRR1706079.5268	0	0	0	0	1	0	0	0	0	0
SRR1706129.3196	0	0	0	0	0	0	0	0	0	2
SRR1706034.4570	2	0	0	0	0	0	0	0	0	0
SRR1706104.3808	0	0	0	0	0	0	0	1	0	0
SRR1706114.2380	0	0	0	0	0	0	0	0	4	0
SRR1706059.5550	0	0	5	0	0	0	0	0	0	0
SRR1706059.2952	0	0	1	0	0	0	0	0	0	0
SRR1706114.2411	0	0	0	0	0	0	0	0	1	0
SRR1706059.6214	0	0	4	0	0	2	0	0	0	0
SRR1706054.1439	0	0	1	0	0	0	0	0	0	0
SRR1706104.2524	0	0	0	0	0	0	0	4	0	0
SRR1706084.9806	0	0	0	0	0	2	0	0	0	0
SRR1706114.3616	0	0	0	0	0	0	0	0	3	0
SRR1706064.4353	0	0	0	3	0	0	0	0	0	0
SRR1706059.2912	0	0	1	0	0	0	0	0	0	0
SRR1706064.1376	0	0	0	1	0	0	0	0	0	0
SRR1706129.3091	0	0	0	0	0	0	0	0	0	1
SRR1706084.2559	0	0	0	0	0	1	0	0	0	0
SRR1706129.1300	0	0	0	0	0	0	0	0	0	1
SRR1706074.2786	0	0	0	0	1	0	0	0	0	0
SRR1706114.3800	0	0	0	0	0	0	0	0	2	0
SRR1706104.1207	0	0	0	0	0	0	0	1	0	0
SRR1706079.5545	0	0	0	0	1	0	0	0	0	0
SRR1706129.3707	0	0	0	0	0	0	0	0	0	7
SRR1706124.1043	0	0	0	0	0	0	0	0	0	1
SRR1706079.4826	0	0	0	0	2	0	0	0	0	0
SRR1706039.7070	2	0	0	1	0	0	0	0	0	0
SRR1706124.1199	0	0	0	0	0	0	0	0	0	1
SRR1706049.2307	0	1	0	0	0	0	0	0	0	0
SRR1706039.3216	1	0	0	0	0	0	0	2	0	0
SRR1706104.2959	0	0	0	0	0	0	0	1	0	0
SRR1706039.3774	1	0	0	0	0	0	0	0	0	0
SRR1706044.2602	0	1	0	0	0	0	0	0	0	0
SRR1706054.2125	0	0	2	0	0	0	0	0	0	0
SRR1706094.1716	0	0	0	0	0	0	2	0	0	0
SRR1706104.3114	0	0	0	0	0	0	0	1	0	0
SRR1706079.746	0	0	0	0	1	0	0	0	0	0
SRR1706074.5070	0	0	0	0	2	0	0	0	0	0
SRR1706084.8271	0	0	0	0	0	1	0	0	0	0
SRR1706129.2439	0	0	0	0	0	0	0	0	0	3
SRR1706049.1188	0	1	0	0	0	0	0	0	0	0
SRR1706049.3811	0	1	0	0	0	0	0	0	0	0
SRR1706059.4978	0	0	1	0	0	0	0	0	0	0
SRR1706114.1806	0	0	0	0	0	0	0	0	1	0
SRR1706059.6396	0	0	1	0	0	0	0	0	0	0
SRR1706049.2922	0	1	0	0	0	0	0	0	0	0
SRR1706089.1657	0	2	0	0	0	62	0	0	0	6
SRR1706074.2571	1	1	0	1	29	0	0	0	0	0
SRR1706079.4311	0	0	0	0	9	0	0	0	0	0
SRR1706084.3790	0	0	0	0	0	11	0	0	0	0
SRR1706069.1653	0	0	0	5	0	0	0	0	0	0
SRR1706049.5970	0	3	0	0	0	0	0	0	0	0
SRR1706034.1715	4	0	0	0	0	0	0	0	0	0
SRR1706044.3159	0	4	0	0	0	0	0	0	0	0
SRR1706039.6090	3	0	0	0	0	0	0	0	0	0
SRR1706104.3072	0	0	0	0	0	0	0	13	0	0
SRR1706114.2141	0	0	0	0	0	0	0	0	9	0
SRR1706049.1784	0	2	0	0	0	0	0	0	0	0
SRR1706044.2897	0	2	0	0	0	0	0	0	0	0
SRR1706124.1063	0	0	0	0	0	0	0	0	0	1
SRR1706059.4971	0	0	1	0	0	0	0	0	0	0
SRR1706099.4134	0	0	0	0	0	0	4	0	0	0
SRR1706099.3931	0	0	0	0	0	0	2	0	0	0
SRR1706054.1041	0	0	1	0	0	0	0	0	0	0
SRR1706079.4202	0	0	0	1	2	0	0	0	0	0
SRR1706059.2135	0	0	2	0	0	0	0	0	0	0
SRR1706039.4410	2	0	0	0	0	0	0	0	0	0
SRR1706124.3027	0	0	0	0	0	0	0	0	0	2
SRR1706114.2039	0	0	0	0	0	0	0	0	1	0
SRR1706084.4768	0	0	0	0	0	3	0	0	0	0
SRR1706059.5752	0	0	51	0	0	0	0	0	0	0
SRR1706054.1621	0	0	24	0	0	0	0	0	0	0
SRR1706124.469	0	0	0	0	0	0	0	0	0	7
SRR1706114.247	0	0	0	0	0	0	0	0	15	0
SRR1706044.2778	0	13	0	0	0	0	0	0	0	0
SRR1706074.5823	0	0	0	0	7	0	0	0	0	0
SRR1706079.5532	0	0	0	0	5	0	0	0	0	0
SRR1706079.7134	0	0	0	0	1	4	0	3	0	0
SRR1706069.448	0	0	0	4	0	0	0	0	0	0
SRR1706129.4015	0	0	0	0	0	0	0	0	0	2
SRR1706074.2385	0	0	0	0	4	0	0	0	0	0
SRR1706074.6340	0	0	0	0	1	0	0	0	0	0
SRR1706034.671	3	0	0	0	0	0	0	0	0	0
SRR1706099.3275	0	0	0	0	0	0	6	0	0	0
SRR1706079.1072	0	0	0	0	2	0	0	0	0	0
SRR1706074.2206	0	0	0	0	5	0	0	0	0	0
SRR1706089.1310	0	0	0	0	0	5	0	0	0	0
SRR1706049.2967	0	1	0	0	0	0	0	1	0	0
SRR1706039.1094	1	0	0	0	0	0	0	0	0	0
SRR1706074.1445	0	0	0	0	2	0	0	0	0	0
SRR1706074.2626	0	0	0	0	1	0	0	0	0	0
SRR1706089.3275	0	0	0	0	0	1	0	0	0	0
SRR1706099.2283	0	0	0	0	0	0	1	0	0	0
SRR1706129.870	0	0	0	0	0	0	0	0	0	1
SRR1706119.529	0	0	0	0	0	0	0	0	68	0
SRR1706084.7245	0	0	0	0	0	24	0	0	0	0
SRR1706084.7993	0	0	0	0	0	15	0	0	0	0
SRR1706079.2962	0	0	0	0	11	0	0	0	0	0
SRR1706039.3782	1	0	0	0	0	0	0	0	0	0
SRR1706034.5417	10	0	0	0	0	0	0	0	0	0
SRR1706119.1758	0	0	0	0	0	0	0	0	4	0
SRR1706079.2196	0	0	0	0	1	0	0	0	0	0
SRR1706119.4810	0	0	0	0	0	0	0	0	1	0
SRR1706129.4057	0	0	0	0	0	0	0	0	0	3
SRR1706069.2224	0	0	0	1	0	0	0	0	0	0
SRR1706104.1014	0	0	0	0	0	0	0	2	0	0
SRR1706044.1872	0	1	0	0	0	0	0	0	0	0
SRR1706129.2784	0	0	0	0	0	0	0	0	0	1
SRR1706039.3165	1	0	0	0	0	0	0	0	0	0
SRR1706069.2527	0	0	0	40	0	0	0	0	0	0
SRR1706049.2455	0	12	4	0	0	7	0	0	0	0
SRR1706079.4859	0	0	0	0	12	0	0	0	0	0
SRR1706104.1482	0	0	0	0	0	0	0	14	0	0
SRR1706059.2192	0	0	6	0	0	0	0	0	0	0
SRR1706069.672	2	3	0	18	2	0	0	0	0	0
SRR1706114.2595	0	0	0	0	0	0	0	0	2	0
SRR1706039.7438	2	0	0	0	0	0	0	0	0	0
SRR1706049.6850	0	1	0	2	0	0	0	0	0	0
SRR1706049.3164	0	3	0	0	0	0	0	0	0	0
SRR1706064.1197	0	0	0	1	0	0	0	0	0	0
SRR1706079.6442	0	0	0	0	1	1	0	0	0	0
SRR1706044.1088	0	2	0	0	0	0	0	0	0	0
SRR1706059.1931	0	0	1	0	0	0	0	0	0	0
SRR1706079.4880	0	0	0	0	1	0	0	0	0	0
SRR1706084.4711	0	0	0	0	0	1	0	0	0	0
SRR1706064.4460	0	0	0	2	0	0	0	0	0	0
SRR1706124.1116	0	0	0	0	0	0	0	0	0	1
SRR1706059.5758	0	0	1	0	0	0	0	0	0	0
SRR1706074.5575	0	0	0	0	1	0	0	0	0	0
SRR1706079.3995	0	0	0	0	1	0	0	0	0	0
SRR1706049.2633	0	329	0	0	18	0	0	0	0	0
SRR1706124.1209	0	1	0	0	0	0	1	11	43	45
SRR1706079.424	0	0	0	0	14	0	0	0	0	0
SRR1706039.7797	4	0	0	0	0	0	0	0	0	0
SRR1706104.3330	0	0	0	0	0	0	0	7	0	0
SRR1706094.545	0	0	0	0	0	0	4	0	0	0
SRR1706084.9909	0	0	0	0	0	12	0	0	0	0
SRR1706074.5308	0	0	0	0	3	0	0	0	0	0
SRR1706069.2670	0	0	0	4	0	0	1	0	0	0
SRR1706084.10004	0	0	0	0	0	3	0	0	0	0
SRR1706064.1960	0	0	0	4	0	0	0	0	0	0
SRR1706084.10513	0	0	0	0	1	4	0	0	0	0
SRR1706049.3622	0	2	0	0	0	0	0	0	0	0
SRR1706074.5578	0	0	0	0	1	0	0	0	0	0
SRR1706129.5227	0	0	0	0	0	0	0	0	0	2
SRR1706039.5137	1	0	0	0	0	0	0	0	0	0
SRR1706079.4361	0	0	0	0	2	0	0	0	0	0
SRR1706064.707	0	0	0	1	0	0	0	0	0	0
SRR1706079.6414	0	0	0	0	1	0	0	0	0	0
SRR1706079.789	0	0	0	0	1	0	0	0	0	0
SRR1706049.1642	0	1	0	0	0	0	0	0	0	0
SRR1706079.6351	0	0	0	0	1	0	0	0	0	0
SRR1706079.2616	0	0	0	0	1	0	0	2	0	0
SRR1706049.5561	0	1	0	0	0	0	0	0	0	0
SRR1706069.1453	0	0	0	1	0	0	0	0	0	0
SRR1706064.418	0	0	0	31	0	0	0	0	0	0
SRR1706039.5886	1	0	0	0	0	0	0	0	0	0
SRR1706129.4278	0	0	0	0	0	0	0	0	0	8
SRR1706129.322	0	0	0	0	0	0	0	0	0	3
SRR1706039.3680	1	0	0	0	0	0	0	0	0	0
SRR1706119.3028	0	0	0	0	0	0	0	0	412	1
SRR1706119.5083	0	0	0	0	0	0	0	0	173	0
SRR1706079.1029	0	0	0	0	101	0	0	0	0	0
SRR1706089.1156	0	0	0	0	0	73	0	0	0	0
SRR1706084.7922	0	0	0	0	0	56	0	0	0	0
SRR1706069.868	0	0	0	74	0	0	0	0	0	0
SRR1706084.4973	0	0	0	0	0	64	0	0	0	0
SRR1706059.6532	0	0	57	0	0	0	0	0	0	0
SRR1706069.3373	0	0	0	42	0	0	0	0	0	0
SRR1706119.2073	0	1	0	0	0	4	0	0	23	0
SRR1706109.2123	0	0	0	0	0	0	0	30	0	0
SRR1706104.2987	0	0	0	0	0	0	0	28	0	0
SRR1706044.919	0	25	0	0	0	0	0	1	0	0
SRR1706089.769	0	0	0	0	0	27	0	0	0	0
SRR1706089.1487	0	0	0	8	0	20	0	0	0	0
SRR1706079.6709	0	0	0	0	33	0	0	0	0	0
SRR1706119.5390	0	15	0	19	0	0	1	3	30	0
SRR1706124.4112	0	0	0	0	0	0	0	0	0	10
SRR1706104.6086	0	0	0	0	0	0	0	16	1	0
SRR1706129.4448	0	0	0	0	0	0	0	0	0	20
SRR1706069.1319	0	0	0	11	0	0	0	0	0	0
SRR1706044.298	0	7	1	0	0	0	0	0	0	0
SRR1706084.10445	0	0	0	0	0	19	0	0	0	0
SRR1706124.2939	0	0	0	0	0	0	0	0	0	5
SRR1706129.2915	0	0	0	0	0	0	0	0	0	9
SRR1706079.550	0	0	0	0	18	0	0	0	0	0
SRR1706074.4748	1	0	0	0	18	0	0	0	0	0
SRR1706044.2795	0	12	0	0	0	0	0	0	0	0
SRR1706069.1333	0	0	0	6	0	0	0	0	0	0
SRR1706119.4171	0	0	0	0	0	0	0	0	12	0
SRR1706064.4245	0	0	0	9	0	0	0	0	0	0
SRR1706069.4060	0	0	0	8	0	0	0	0	0	0
SRR1706059.5103	0	0	6	0	0	0	0	0	0	0
SRR1706079.3588	0	0	0	0	8	0	0	0	0	0
SRR1706049.5494	0	5	0	0	0	0	0	0	0	0
SRR1706054.1343	0	0	3	0	0	0	0	10	0	0
SRR1706129.4752	0	0	0	0	0	0	0	0	0	11
SRR1706104.4410	0	2	0	0	7	0	0	6	0	0
SRR1706084.3512	0	0	0	0	0	9	0	0	0	0
SRR1706074.3006	0	0	0	0	10	0	0	0	0	0
SRR1706049.2818	0	6	0	0	0	0	0	0	0	0
SRR1706069.3083	0	0	0	15	0	0	0	0	0	0
SRR1706109.1590	0	0	0	0	0	0	0	5	0	0
SRR1706044.883	0	8	0	0	0	0	0	0	0	0
SRR1706084.2527	0	0	0	0	0	13	0	0	0	0
SRR1706124.2525	0	0	0	0	0	0	0	0	0	5
SRR1706064.2597	0	0	0	3	0	0	0	0	0	0
SRR1706064.3743	0	0	0	5	0	0	0	0	0	0
SRR1706039.5529	2	0	0	1	0	0	0	0	0	0
SRR1706064.4736	0	0	0	6	0	0	0	0	0	0
SRR1706064.1438	0	0	0	2	0	0	0	0	0	0
SRR1706099.3926	0	0	0	0	0	0	7	0	0	0
SRR1706064.3777	0	0	0	4	0	0	0	0	0	0
SRR1706109.2922	0	0	0	0	0	0	0	8	0	0
SRR1706069.2800	0	0	0	7	0	0	0	0	0	0
SRR1706064.1956	0	0	0	2	1	0	0	0	0	0
SRR1706034.1297	2	0	0	0	0	0	0	0	0	0
SRR1706059.6904	0	0	2	0	0	0	0	0	0	0
SRR1706074.2652	0	0	0	0	4	0	0	0	0	0
SRR1706129.5837	0	0	0	0	0	0	0	0	0	3
SRR1706064.210	0	0	0	4	0	0	0	0	0	0
SRR1706039.5311	7	0	0	0	0	0	0	0	0	0
SRR1706124.1880	0	0	0	0	0	0	0	0	0	4
SRR1706129.1842	0	0	0	0	0	0	0	0	0	4
SRR1706074.4206	0	0	0	0	3	0	0	0	0	0
SRR1706064.2852	0	0	0	4	0	0	0	0	0	0
SRR1706064.515	0	0	0	1	0	0	0	0	0	0
SRR1706104.2814	0	0	0	0	0	0	0	6	0	0
SRR1706099.2761	0	0	0	0	0	0	1	0	0	0
SRR1706054.2528	0	0	1	0	1	0	0	0	0	0
SRR1706059.2162	0	0	3	0	0	0	0	0	0	0
SRR1706099.1729	0	0	0	0	0	0	4	0	0	0
SRR1706034.1835	3	0	0	0	0	0	0	0	0	0
SRR1706109.1447	0	0	0	0	0	0	0	2	0	0
SRR1706064.2312	0	0	0	1	0	0	0	0	0	0
SRR1706099.1496	0	0	0	0	0	0	4	0	0	0
SRR1706039.3378	3	0	0	0	0	0	0	0	0	0
SRR1706054.1627	0	0	1	0	0	1	0	0	0	0
SRR1706049.1885	0	2	0	0	0	1	0	0	0	0
SRR1706074.4909	0	0	0	0	1	0	0	0	0	0
SRR1706064.4474	0	0	0	4	0	0	0	0	0	0
SRR1706049.1288	0	2	0	0	0	0	0	0	0	0
SRR1706059.6860	0	0	2	0	0	0	0	0	0	0
SRR1706049.2775	0	1	0	0	0	0	0	0	0	0
SRR1706129.5560	0	0	0	0	0	0	0	0	0	1
SRR1706124.4149	0	0	0	0	0	0	0	0	0	1
SRR1706039.6445	1	0	0	0	0	0	0	0	0	0
SRR1706059.6818	0	0	2	0	0	0	0	0	0	0
SRR1706084.9578	0	0	0	0	0	1	0	0	0	0
SRR1706054.620	0	0	2	0	0	0	0	0	0	0
SRR1706059.3492	0	0	3	0	0	0	0	0	0	0
SRR1706039.6929	1	0	0	0	0	0	0	0	0	0
SRR1706049.7153	0	3	0	0	0	0	0	0	0	0
SRR1706059.7277	0	0	2	0	0	0	0	0	0	0
SRR1706064.3073	0	0	0	1	0	0	1	0	0	0
SRR1706114.2360	0	0	0	0	0	0	0	0	3	0
SRR1706064.597	0	0	0	1	0	0	0	0	0	0
SRR1706049.6890	0	1	0	0	0	0	0	0	0	0
SRR1706074.3678	0	0	0	0	2	0	0	0	0	0
SRR1706079.4576	0	0	0	0	4	0	0	0	0	0
SRR1706064.3727	0	0	0	1	0	0	0	0	0	0
SRR1706034.954	2	0	0	0	0	0	0	0	0	0
SRR1706064.1649	0	0	0	1	0	0	0	0	0	0
SRR1706064.5133	0	0	0	1	0	0	0	0	0	0
SRR1706054.2771	0	0	3	0	0	0	0	0	0	0
SRR1706059.5895	0	0	2	0	0	0	0	0	0	0
SRR1706124.1776	0	0	0	0	0	0	0	0	0	1
SRR1706129.1214	0	0	0	0	0	0	0	0	0	1
SRR1706064.2102	0	0	0	3	0	0	0	0	0	0
SRR1706099.4232	0	0	0	0	0	0	1	0	0	0
SRR1706129.5156	0	0	0	0	0	0	0	0	0	2
SRR1706099.1204	0	0	0	0	0	0	2	0	0	0
SRR1706044.1591	0	2	0	0	0	0	0	0	0	0
SRR1706049.5717	0	1	0	0	0	0	0	0	0	0
SRR1706079.4109	0	0	0	0	5	0	0	0	0	0
SRR1706039.7799	1	0	0	0	0	0	0	0	0	0
SRR1706114.1270	0	0	0	0	0	0	0	0	2	0
SRR1706079.4083	0	0	0	0	2	0	0	0	0	0
SRR1706039.816	2	0	0	0	0	0	0	0	0	0
SRR1706034.3570	1	0	0	0	0	0	0	0	0	0
SRR1706119.1854	0	0	0	0	0	0	0	0	1	0
SRR1706124.762	0	0	0	0	0	0	0	0	0	1
SRR1706044.1944	0	2	0	0	0	0	0	0	0	0
SRR1706039.1369	1	0	0	0	0	0	0	0	0	0
SRR1706064.4437	0	0	0	1	0	0	0	0	0	0
SRR1706039.6025	1	0	0	0	0	0	0	0	0	0
SRR1706124.245	0	0	0	0	0	0	0	0	0	1
SRR1706109.2528	0	0	0	0	0	0	0	1	0	0
SRR1706124.2362	0	0	0	0	0	0	0	0	0	1
SRR1706104.693	0	0	0	0	0	0	0	3	0	0
SRR1706104.2499	0	0	0	0	0	0	0	3	0	0
SRR1706049.7636	0	1	0	0	0	0	0	0	0	1
SRR1706064.3046	0	0	0	1	0	0	0	0	0	0
SRR1706129.915	0	0	0	0	0	0	0	0	0	2
SRR1706084.8461	0	0	0	0	0	1	0	0	0	0
SRR1706079.1781	0	0	0	0	1	0	0	0	0	0
SRR1706059.5663	0	0	1	0	0	0	0	0	0	0
SRR1706049.7631	0	1	0	0	0	0	0	0	0	0
SRR1706124.846	0	0	0	0	0	0	0	0	0	1
SRR1706054.1086	0	0	1	0	0	0	0	0	0	0
SRR1706049.5666	0	1	0	0	0	0	0	0	0	0
SRR1706124.1148	0	0	0	0	0	0	0	0	0	1
SRR1706124.2901	0	0	0	0	0	0	0	0	0	1
SRR1706104.670	0	0	0	0	0	0	0	1	0	0
SRR1706044.714	0	1	0	0	0	0	0	0	0	0
SRR1706079.5302	0	0	0	0	1	0	0	0	0	0
SRR1706084.3937	0	0	0	0	0	1	0	0	0	0
SRR1706064.1542	0	0	0	72	0	0	0	0	0	0
SRR1706039.8307	95	0	0	0	0	0	0	0	0	0
SRR1706104.1907	0	0	0	0	0	0	1	31	0	0
SRR1706129.1620	0	0	0	0	0	0	0	0	0	20
SRR1706054.1821	0	1	13	0	4	0	0	2	0	0
SRR1706084.9139	0	0	0	0	0	36	0	0	0	0
SRR1706084.9766	0	0	0	0	0	38	0	0	0	0
SRR1706079.1099	0	0	0	0	23	0	0	0	0	0
SRR1706054.2334	0	2	2	0	0	1	6	0	0	0
SRR1706034.1668	25	0	0	0	0	0	0	0	0	0
SRR1706034.670	15	0	0	0	1	0	0	0	0	0
SRR1706044.1182	0	7	0	0	0	0	0	0	0	0
SRR1706099.919	0	0	4	0	0	0	15	0	0	0
SRR1706069.3181	0	0	0	10	0	0	0	0	0	0
SRR1706099.2597	0	0	0	0	0	0	5	0	0	0
SRR1706104.2450	0	0	0	0	0	0	1	2	0	0
SRR1706054.284	0	0	3	0	0	0	0	0	0	0
SRR1706064.909	0	0	0	4	0	0	0	0	0	0
SRR1706044.1341	0	7	0	0	0	0	0	0	0	0
SRR1706079.1328	0	0	0	0	3	0	0	0	0	0
SRR1706074.6191	0	0	0	0	4	0	0	0	0	0
SRR1706104.5643	0	0	0	0	0	0	0	4	0	0
SRR1706094.1108	0	0	0	0	0	0	3	0	0	0
SRR1706049.8330	0	2	0	0	0	0	0	1	0	1
SRR1706039.446	3	0	0	0	0	0	0	0	0	0
SRR1706089.3172	0	0	0	0	0	8	0	0	0	0
SRR1706079.2174	0	0	0	0	2	0	0	0	0	0
SRR1706064.1471	0	0	0	2	0	0	0	0	0	0
SRR1706084.3796	0	0	0	0	0	6	0	0	0	0
SRR1706089.2348	0	0	0	0	0	1	0	0	0	0
SRR1706074.4678	0	0	0	0	2	0	0	0	0	0
SRR1706039.7324	1	0	0	0	0	0	0	0	0	0
SRR1706079.6353	0	0	0	0	1	0	0	0	0	0
SRR1706124.3574	0	0	0	0	0	0	0	0	0	5
SRR1706039.4784	2	0	0	0	0	0	0	0	0	0
SRR1706064.1022	0	0	0	1	0	0	0	0	0	0
SRR1706049.6624	0	1	0	0	0	0	0	0	0	0
SRR1706049.202	0	1	0	0	0	0	0	0	0	0
SRR1706064.3451	0	0	0	2	0	0	0	0	0	0
SRR1706049.2934	0	1	0	0	0	0	0	2	0	0
SRR1706039.6526	2	0	0	0	0	0	0	0	0	0
SRR1706064.804	0	0	0	1	0	0	0	0	0	0
SRR1706104.399	0	0	0	0	0	0	0	1	0	0
SRR1706049.5439	0	1	0	0	0	0	0	0	0	0
SRR1706049.7984	0	2	0	0	0	0	0	0	0	0
SRR1706054.960	0	0	1	0	0	0	0	0	0	0
SRR1706049.3262	0	1	0	0	0	0	0	0	0	0
SRR1706079.6743	0	0	0	0	1	0	0	0	0	0
SRR1706059.516	0	0	3	0	0	0	0	0	0	0
SRR1706049.1479	0	2	0	0	0	0	0	0	0	0
SRR1706049.7012	0	2	0	0	0	0	0	0	0	0
SRR1706039.270	2	0	0	0	0	0	0	0	0	0
SRR1706089.2003	0	0	0	0	0	2	0	0	0	0
SRR1706044.2867	0	3	0	0	0	0	0	0	0	0
SRR1706079.6513	0	0	0	0	1	0	0	0	0	0
SRR1706064.4920	0	0	0	1	0	0	0	0	0	0
SRR1706039.4478	1	0	0	0	0	0	0	0	0	0
SRR1706064.3792	0	0	0	3	0	0	0	0	0	0
SRR1706069.883	0	0	0	1	0	0	0	0	0	0
SRR1706069.1097	0	0	0	1	0	0	0	0	0	0
SRR1706059.1889	0	0	2	0	0	0	0	0	0	0
SRR1706059.5457	0	0	1	0	0	0	0	0	0	0
SRR1706044.1991	0	1	0	0	0	0	0	0	0	0
SRR1706084.6460	0	0	0	0	0	1	0	0	0	0
SRR1706074.5001	0	0	0	0	2	0	0	0	0	0
SRR1706129.4762	0	0	0	0	0	0	0	0	0	1
SRR1706079.6274	0	0	0	0	1	0	0	0	0	0
SRR1706114.2604	0	0	0	0	0	0	0	0	2	0
SRR1706064.2485	0	0	0	1	0	0	0	0	0	0
SRR1706039.6127	2	0	0	0	0	0	0	0	0	0
SRR1706124.3918	0	0	0	0	0	0	0	0	0	2
SRR1706079.1932	0	0	0	0	2	0	0	0	0	0
SRR1706039.3453	1	0	0	0	0	0	0	0	0	0
SRR1706059.4600	0	0	1	0	0	0	0	0	0	0
SRR1706034.3252	1	0	0	0	0	0	0	0	0	0
SRR1706039.2847	1	0	0	0	0	0	0	0	0	0
SRR1706094.578	0	0	0	0	0	0	2	0	0	0
SRR1706054.764	0	0	1	0	0	0	0	0	0	0
SRR1706049.7423	0	1	0	0	0	0	0	0	0	0
SRR1706034.93	2	0	0	0	0	0	0	0	0	0
SRR1706059.4802	0	0	2	0	0	0	0	0	0	0
SRR1706059.454	0	0	1	0	0	0	0	0	0	0
SRR1706059.643	0	0	1	0	0	0	0	0	0	0
SRR1706049.7120	0	1	0	0	0	0	0	0	0	0
SRR1706064.1028	0	0	0	1	0	0	0	0	0	0
SRR1706079.5829	0	0	0	0	1	0	0	0	0	0
SRR1706069.2367	0	0	0	1	0	0	0	0	0	0
SRR1706039.3383	1	0	0	0	0	0	0	0	0	0
SRR1706119.1880	10	6	0	0	2	1	0	0	38	0
SRR1706049.5381	0	12	0	0	0	0	0	0	0	0
SRR1706089.740	0	0	0	0	0	4	0	0	0	0
SRR1706079.6262	0	0	0	0	3	0	0	0	0	0
SRR1706104.4599	0	0	0	0	0	0	0	2	0	0
SRR1706039.4810	1	0	0	0	0	0	0	0	0	0
SRR1706119.3484	0	0	0	0	0	0	0	0	1	0
SRR1706044.1791	0	65	0	0	0	0	0	0	0	0
SRR1706124.1978	0	0	0	0	0	0	0	0	0	15
SRR1706079.4729	0	3	0	3	3	0	0	0	0	0
SRR1706104.1168	0	0	0	0	1	0	0	6	0	0
SRR1706039.7997	2	0	0	0	27	0	0	0	0	0
SRR1706099.3321	0	0	0	0	0	0	11	0	0	0
SRR1706044.1076	0	17	9	0	0	0	20	5	0	0
SRR1706129.5417	0	0	0	0	0	0	0	0	0	12
SRR1706089.285	0	0	0	0	0	4	0	0	0	0
SRR1706044.799	0	1	0	3	0	0	0	0	0	0
SRR1706129.1651	0	0	0	0	0	0	0	0	0	9
SRR1706054.1288	0	0	7	0	2	0	0	0	0	0
SRR1706049.2787	0	4	0	0	0	0	0	0	0	0
SRR1706104.1617	0	0	0	0	0	0	0	6	0	0
SRR1706079.1642	3	0	0	0	2	0	0	0	0	0
SRR1706034.1107	4	0	0	0	0	0	0	0	0	0
SRR1706069.3426	0	0	0	3	0	0	0	0	0	0
SRR1706089.2472	0	0	0	0	2	3	0	0	0	0
SRR1706039.3724	8	0	0	0	0	0	0	0	0	0
SRR1706114.3739	0	0	0	0	0	0	0	0	7	0
SRR1706124.4055	0	0	0	0	0	0	0	0	0	2
SRR1706099.3151	1	0	0	0	0	0	4	0	0	0
SRR1706114.2462	0	0	0	0	0	0	0	0	8	0
SRR1706059.7174	0	0	2	0	0	0	0	0	0	0
SRR1706089.458	0	0	0	0	0	2	0	0	0	0
SRR1706104.5373	0	0	0	0	1	1	0	2	0	2
SRR1706044.3699	0	2	0	0	0	0	0	0	0	0
SRR1706099.3831	0	0	0	0	0	0	4	0	0	0
SRR1706084.10400	0	2	0	0	0	3	0	0	0	0
SRR1706084.6864	0	0	0	0	0	1	0	0	0	0
SRR1706049.7049	0	4	0	0	0	0	0	0	0	0
SRR1706109.1384	0	0	0	0	0	0	0	1	0	0
SRR1706064.3733	0	0	0	2	0	0	0	0	0	0
SRR1706069.2542	0	0	0	5	0	0	0	0	0	0
SRR1706059.6947	0	0	1	0	0	0	0	0	0	0
SRR1706049.6491	0	3	0	0	0	0	0	0	0	0
SRR1706034.5123	4	0	0	0	0	0	0	0	0	0
SRR1706079.6247	0	0	0	0	2	0	0	0	0	0
SRR1706039.1884	2	0	0	0	0	0	0	0	0	0
SRR1706049.3249	0	3	0	0	0	0	0	0	0	0
SRR1706114.1349	0	0	0	0	0	0	0	0	9	0
SRR1706114.713	0	0	0	0	0	0	0	0	6	0
SRR1706074.4354	0	0	0	0	3	0	0	0	0	0
SRR1706124.4518	0	0	0	0	0	0	0	0	0	2
SRR1706129.4407	0	0	0	0	0	0	0	0	0	1
SRR1706124.2802	0	0	0	0	0	0	0	0	0	1
SRR1706129.817	0	0	0	0	0	0	0	0	0	1
SRR1706074.5731	0	0	0	0	3	0	0	0	0	0
SRR1706114.2747	0	0	0	0	0	0	0	1	3	0
SRR1706059.7264	0	0	1	0	0	0	0	0	0	0
SRR1706089.1892	0	0	0	0	0	1	0	0	0	0
SRR1706079.6432	0	0	0	0	2	0	0	0	0	0
SRR1706109.2412	0	0	0	0	0	0	0	1	0	0
SRR1706089.3227	0	0	0	0	0	1	0	0	0	0
SRR1706039.7781	1	0	0	0	0	0	0	0	0	0
SRR1706119.2576	0	0	0	0	0	0	0	0	1	0
SRR1706074.4817	0	0	0	0	2	0	0	0	0	0
SRR1706039.5828	1	0	0	0	0	0	0	0	0	0
SRR1706129.628	0	0	0	0	0	0	0	0	0	1
SRR1706104.3358	0	0	0	0	0	0	0	2	0	0
SRR1706039.4912	1	0	0	0	0	0	0	0	0	0
SRR1706054.2740	0	0	1	0	0	0	0	0	0	0
SRR1706079.1594	0	0	0	0	1	0	0	0	0	0
SRR1706064.4903	0	0	0	2	0	0	0	0	0	0
SRR1706114.434	0	0	0	0	0	0	0	0	1	0
SRR1706034.1334	1	0	0	0	0	0	0	0	0	0
SRR1706039.797	1	0	0	0	0	0	0	0	0	0
SRR1706039.5110	1	0	0	0	0	0	0	0	0	0
SRR1706039.7664	1	0	0	0	0	0	0	0	0	0
SRR1706064.2354	0	0	0	1	0	0	0	0	0	0
SRR1706089.1198	0	0	0	0	0	1	0	0	0	0
SRR1706059.1243	0	0	1	0	0	0	0	0	0	0
SRR1706039.2640	1	0	0	0	0	0	0	0	0	0
SRR1706079.3454	0	0	0	0	1	0	0	0	0	0
SRR1706114.419	0	0	0	0	0	0	0	0	2	0
SRR1706079.4077	0	0	0	0	1	0	0	0	0	0
SRR1706124.3182	0	0	0	0	0	0	0	0	0	1
SRR1706039.6020	1	0	0	0	0	0	0	0	0	0
SRR1706034.1707	1	0	0	0	0	0	0	0	0	0
SRR1706104.1733	0	0	0	0	0	0	0	1	0	0
SRR1706079.4751	0	0	0	0	2	0	0	0	0	0
SRR1706084.2494	0	0	0	0	0	9	0	0	0	0
SRR1706129.5581	0	0	0	0	0	0	0	0	0	4
SRR1706069.1469	0	0	0	2	0	0	0	0	0	0